function colors = SetColors
% Description: Set colors for plots
% Output:
%        colors: the color for indicating each satellite
%
    colors = zeros(12,3);
    colors(1,:) = [0.92 0.13 0.15];
    colors(2,:) = [0.00 0.38 0.40];
    colors(3,:) = [0.20 0.32 0.87];
    colors(4,:) = [0.83 0.52 0.05];
    colors(5,:) = [0.44 0.12 0.32];
    colors(6,:) = [0.93 0.35 0.14];
    colors(7,:) = [0.00 0.58 0.20];
    colors(8,:) = [0.07 0.54 0.65];
    colors(9,:) = [0.93 0.30 0.40];
    colors(10,:) = [0.85 0.50 0.98]; 
    colors(11,:) = [0.50 0.55 0.55];
    colors(12,:) = [1.00 0.74 0.60];
    colors(13,:) = [0.50 0.34 0.70];
    colors(14,:) = [0.10 0.42 0.58];
    colors(15,:) = [0.17 0.17 0.33];
    colors(16,:) = [0.52 0.50 0.48];
    colors(17,:) = [0.30 0.30 0.30];
    colors(18,:) = [0.00 0.00 0.00];
    colors(19,:) = [0.00 0.00 0.00];
    colors(20,:) = [0.00 0.00 0.00];
end

